../../../.git/annex/objects/gV/x9/SHA256E-s2135--b080911bb9dddf0f277d4f41af4ed5bcd8af88efb11dd6c34dc22c84c6309222.tsv/SHA256E-s2135--b080911bb9dddf0f277d4f41af4ed5bcd8af88efb11dd6c34dc22c84c6309222.tsv