../../../.git/annex/objects/j0/7x/SHA256E-s2496--39083d37a7eeeb01703014bb9047392f516ea03ab4f6196f516c3eb1a8e19072.tsv/SHA256E-s2496--39083d37a7eeeb01703014bb9047392f516ea03ab4f6196f516c3eb1a8e19072.tsv