../../../.git/annex/objects/pg/0W/SHA256E-s2158--350ab4b3ad9ae6fcd483ef6254c8cb62310649bf01bdd77d152250b0ad1a24ff.tsv/SHA256E-s2158--350ab4b3ad9ae6fcd483ef6254c8cb62310649bf01bdd77d152250b0ad1a24ff.tsv