../../../.git/annex/objects/KM/p3/SHA256E-s3258--6d1bd9988f16567033279df78efaebb98f9ba65a615f15230a6e8dc983a7f038.tsv/SHA256E-s3258--6d1bd9988f16567033279df78efaebb98f9ba65a615f15230a6e8dc983a7f038.tsv