../../../.git/annex/objects/0J/j5/SHA256E-s3119--d6e0bad0ac046f750d70a8cc8869a1f865a399a44d79e3d2d6ffe624e2e43f69.tsv/SHA256E-s3119--d6e0bad0ac046f750d70a8cc8869a1f865a399a44d79e3d2d6ffe624e2e43f69.tsv