../../../.git/annex/objects/xJ/vZ/SHA256E-s3342--62c19553191e7d6877f7b0d926778916d604a9869eacdefe4ea29c09018f392d.tsv/SHA256E-s3342--62c19553191e7d6877f7b0d926778916d604a9869eacdefe4ea29c09018f392d.tsv