../../../.git/annex/objects/vM/pK/SHA256E-s3483--4a310f2fbb41732742cae43404e520eafd0b8af3a11111240441739673036509.tsv/SHA256E-s3483--4a310f2fbb41732742cae43404e520eafd0b8af3a11111240441739673036509.tsv