../../../.git/annex/objects/GZ/74/SHA256E-s2819--ce5fd706f366a5fa896f53623014c0a4a6ae044fc92a0009629c0cd51785292a.tsv/SHA256E-s2819--ce5fd706f366a5fa896f53623014c0a4a6ae044fc92a0009629c0cd51785292a.tsv