../../../.git/annex/objects/9V/9V/SHA256E-s1478--d8762ca4f50f56b665f624be81c3fb5274f4952e7fb3c08fb7140946eccb3ba6.tsv/SHA256E-s1478--d8762ca4f50f56b665f624be81c3fb5274f4952e7fb3c08fb7140946eccb3ba6.tsv